,date,bid price,ask price,imba,weighted price,type,trade price
0,000000413,198476.37615,198620.54795,181,198520.87738,submit/cancel,NA
1,000000413,198476.37615,198620.51724,182,198520.65678,submit/cancel,NA
2,000000432,198476.37615,198620.51724,182,198520.65678,submit/cancel,NA
3,000000481,198476.37615,198620.8042,184,198520.31915,submit/cancel,NA
4,000000512,198476.37195,198620.8042,185,198520.22293,submit/cancel,NA
5,000000932,198476.81818,198620.8042,187,198520.34884,submit/cancel,NA
6,000001048,198476.81818,198621.00694,186,198520.62236,submit/cancel,NA
7,000005731,198477.25904,198621.00694,188,198520.7458,submit/cancel,NA
8,000005732,198477.25904,198621.15385,189,198520.57895,submit/cancel,NA
9,000005741,198477.47748,198621.15385,190,198520.64076,submit/cancel,NA
10,000005775,198477.48494,198621.15385,189,198520.73684,submit/cancel,NA
11,000005828,198477.55255,198621.15385,190,198520.69328,submit/cancel,NA
12,000006940,198477.76946,198621.15385,191,198520.75472,submit/cancel,NA
13,000006940,198477.98507,198621.15385,192,198520.8159,submit/cancel,NA
14,000006940,198477.98507,198621.30282,193,198520.6499,submit/cancel,NA
15,000006940,198477.98507,198621.35036,198,198519.59746,submit/cancel,NA
16,000007708,198478.0506,198621.35036,199,198519.55603,submit/cancel,NA
17,000007834,198477.98507,198621.35036,198,198519.59746,submit/cancel,NA
18,000008166,198478.1994,198621.35036,199,198519.66173,submit/cancel,NA
19,000010055,198478.125,198621.35036,199,198519.60888,submit/cancel,NA
20,000011218,198478.1994,198621.35036,199,198519.66173,submit/cancel,NA
21,000013359,198478.61357,198621.35036,202,198519.69538,submit/cancel,NA
22,000013923,198478.61357,198621.69118,203,198519.57895,submit/cancel,NA
23,000013927,198478.61357,198622.38806,205,198519.34461,submit/cancel,NA
24,000014087,198478.82353,198622.38806,206,198519.40928,submit/cancel,NA
25,000014585,198478.82353,198622.03704,205,198519.52632,submit/cancel,NA
26,000016222,198479.03226,198622.03704,206,198519.59034,submit/cancel,NA
27,000017143,198479.03226,198622.74436,208,198519.35654,submit/cancel,NA
28,000017144,198479.23977,198622.74436,209,198519.42105,submit/cancel,NA
29,000017144,198479.30029,198622.74436,210,198519.38025,submit/cancel,NA
30,000017244,198479.30029,198623.47328,212,198519.14557,submit/cancel,NA
31,000017584,198479.30029,198623.84615,213,198519.02748,submit/cancel,NA
32,000018146,198479.30029,198624.22481,214,198518.9089,submit/cancel,NA
33,000019194,198495.25959,198624.22481,314,198524.34441,submit/cancel,NA
34,000019195,198516.80464,198642.52874,128,198562.76261,trade,198575.0
35,000019195,198516.91419,198642.52874,129,198562.73585,submit/cancel,NA
36,000019195,198516.91419,198642.77457,130,198562.65756,submit/cancel,NA
37,000019195,198517.29508,198642.77457,132,198562.70921,submit/cancel,NA
38,000019195,198517.40196,198642.77457,133,198562.68267,submit/cancel,NA
39,000019195,198517.50814,198642.77457,134,198562.65625,submit/cancel,NA
40,000019195,198517.69481,198642.77457,135,198562.68191,submit/cancel,NA
41,000019195,198517.79935,198642.77457,136,198562.6556,submit/cancel,NA
42,000019195,198517.90323,198642.77457,137,198562.6294,submit/cancel,NA
43,000019195,198518.00643,198642.77457,138,198562.60331,submit/cancel,NA
44,000019195,198518.37061,198642.77457,140,198562.65432,submit/cancel,NA
45,000019196,198518.47134,198642.77457,141,198562.62834,submit/cancel,NA
46,000019196,198518.65079,198642.77457,142,198562.65369,submit/cancel,NA
47,000019196,198518.65079,198642.77457,142,198562.65369,submit/cancel,NA
48,000019196,198518.65079,198642.77457,142,198562.65369,submit/cancel,NA
49,000019196,198518.67089,198642.77457,143,198562.57669,submit/cancel,NA
50,000019196,198518.84858,198642.77457,144,198562.60204,submit/cancel,NA
51,000019196,198519.20063,198642.77457,146,198562.65244,submit/cancel,NA
52,000019196,198519.375,198642.77457,147,198562.67748,submit/cancel,NA
53,000019196,198519.54829,198642.77457,148,198562.70243,submit/cancel,NA
54,000019196,198519.54829,198643.19527,152,198562.19388,submit/cancel,NA
55,000019196,198519.54829,198643.45238,153,198562.11656,submit/cancel,NA
56,000019196,198519.64286,198643.45238,154,198562.09184,submit/cancel,NA
57,000019196,198519.50464,198643.45238,155,198561.91446,submit/cancel,NA
58,000019196,198519.3323,198643.45238,154,198561.88776,submit/cancel,NA
59,000019196,198519.3323,198643.71257,155,198561.80982,submit/cancel,NA
60,000019196,198519.3323,198643.9759,156,198561.73156,submit/cancel,NA
61,000019197,198519.3323,198643.78788,157,198561.49897,submit/cancel,NA
62,000019197,198519.42724,198644.05488,159,198561.3963,submit/cancel,NA
63,000019197,198519.49541,198644.05488,163,198561.0998,submit/cancel,NA
64,000019197,198519.49541,198643.08176,168,198559.92798,submit/cancel,NA
65,000019197,198519.49541,198643.03797,169,198559.74227,submit/cancel,NA
66,000019197,198519.49541,198642.94872,171,198559.36853,submit/cancel,NA
67,000019197,198519.49541,198642.90323,172,198559.1805,submit/cancel,NA
68,000019197,198519.49541,198642.59868,175,198558.5595,submit/cancel,NA
69,000019197,198519.49541,198642.88079,176,198558.4728,submit/cancel,NA
70,000019197,198519.57187,198643.75,179,198558.26316,submit/cancel,NA
71,000019197,198519.43598,198644.00685,182,198557.80591,submit/cancel,NA
72,000019197,198519.43598,198642.9078,187,198556.5565,submit/cancel,NA
73,000019197,198519.43598,198643.10345,183,198557.34672,submit/cancel,NA
74,000019198,198519.43598,198643.40278,184,198557.25636,submit/cancel,NA
75,000019198,198519.35976,198643.40278,184,198557.20339,submit/cancel,NA
76,000019199,198519.35976,198643.40278,184,198557.20339,submit/cancel,NA
77,000019199,198519.35976,198643.40278,184,198557.20339,submit/cancel,NA
78,000019199,198519.35976,198642.85714,188,198556.30342,submit/cancel,NA
79,000019199,198519.35976,198642.98561,189,198556.15632,submit/cancel,NA
80,000019200,198519.52888,198642.98561,190,198556.19658,submit/cancel,NA
81,000019200,198519.80422,198642.98561,193,198556.15711,submit/cancel,NA
82,000019201,198519.80422,198642.67857,192,198556.25,submit/cancel,NA
83,000019201,198519.80422,198642.98561,193,198556.15711,submit/cancel,NA
84,000019202,198519.80422,198642.67857,192,198556.25,submit/cancel,NA
85,000019202,198519.80422,198642.98561,193,198556.15711,submit/cancel,NA
86,000019203,198519.80422,198642.67857,192,198556.25,submit/cancel,NA
87,000019203,198519.80422,198642.67857,192,198556.25,submit/cancel,NA
88,000019203,198519.63746,198642.67857,191,198556.21019,submit/cancel,NA
89,000019205,198519.80422,198642.67857,192,198556.25,submit/cancel,NA
90,000019205,198519.80422,198640.92466,186,198556.79916,submit/cancel,NA
91,000019206,198519.80422,198642.67857,192,198556.25,submit/cancel,NA
92,000019206,198519.80422,198640.64626,185,198556.88935,submit/cancel,NA
93,000019208,198519.80422,198642.67857,192,198556.25,submit/cancel,NA
94,000019219,198519.80422,198642.85714,192,198556.30297,submit/cancel,NA
95,000019219,198519.87952,198642.85714,192,198556.35593,submit/cancel,NA
96,000019219,198519.87952,198643.75,192,198556.62076,submit/cancel,NA
97,000019223,198519.87952,198642.53472,188,198556.98529,submit/cancel,NA
98,000019229,198519.87952,198643.75,192,198556.62076,submit/cancel,NA
99,000019230,198519.87952,198644.06475,193,198556.52866,submit/cancel,NA
100,000019666,198520.01511,198644.06475,192,198556.70213,submit/cancel,NA
101,000021304,198520.09063,198644.06475,192,198556.75532,submit/cancel,NA
102,000021328,198520.09063,198644.06475,192,198556.75532,submit/cancel,NA
103,000021329,198520.24169,198644.06475,192,198556.8617,submit/cancel,NA
104,000021335,198520.16616,198644.06475,192,198556.80851,submit/cancel,NA
105,000021336,198520.24169,198644.06475,192,198556.8617,submit/cancel,NA
106,000021344,198520.31722,198644.06475,192,198556.91489,submit/cancel,NA
107,000021345,198520.69486,198644.06475,192,198557.18085,submit/cancel,NA
108,000021345,198520.69486,198642.91045,197,198555.91398,submit/cancel,NA
109,000021505,198497.71242,198626.48515,358,198520.9375,trade,198575.0
110,000021506,198497.71242,198628.86598,362,198520.59353,trade,198575.0
111,000021506,198497.71242,198627.72277,358,198521.16071,submit/cancel,NA
112,000021506,198497.71242,198627.18447,356,198521.44128,submit/cancel,NA
113,000021506,198497.93926,198627.18447,358,198521.54255,submit/cancel,NA
114,000021506,198497.593,198627.18447,354,198521.42857,submit/cancel,NA
115,000021507,198519.7327,198640.78014,177,198556.91721,trade,198575.0
116,000021507,198519.55836,198640.78014,176,198556.87773,trade,198575.0
117,000021507,198520.24922,198640.81633,174,198558.11966,submit/cancel,NA
118,000021507,198520.39062,198640.81633,173,198558.29764,submit/cancel,NA
119,000021507,198520.11041,198640.81633,170,198558.35129,submit/cancel,NA
120,000021507,198520.01582,198640.81633,169,198558.36933,submit/cancel,NA
121,000021507,198519.63141,198640.81633,165,198558.44227,submit/cancel,NA
122,000021507,198518.91234,198640.81633,161,198558.2967,trade,198575.0
123,000021507,198519.27419,198640.81633,163,198558.3698,submit/cancel,NA
124,000021507,198519.45338,198640.81633,164,198558.40611,submit/cancel,NA
125,000021508,198519.45338,198641.25874,168,198557.81938,submit/cancel,NA
126,000021508,198519.55128,198641.25874,169,198557.8022,submit/cancel,NA
127,000021508,198519.55128,198642.39865,164,198559.07609,submit/cancel,NA
128,000021508,198519.55128,198643.46405,159,198560.32258,submit/cancel,NA
129,000021508,198519.71154,198643.46405,159,198560.43011,submit/cancel,NA
130,000021508,198519.71154,198642.62821,156,198560.68376,submit/cancel,NA
131,000021508,198519.71154,198642.90323,157,198560.59957,submit/cancel,NA
132,000021508,198520.35256,198642.90323,157,198561.02784,submit/cancel,NA
133,000021509,198520.35256,198642.67516,155,198561.30064,submit/cancel,NA
134,000021509,198520.43269,198642.67516,155,198561.35394,submit/cancel,NA
135,000021509,198520.43269,198642.94872,156,198561.27137,submit/cancel,NA
136,000021509,198520.43269,198643.50649,158,198561.10515,submit/cancel,NA
137,000021509,198520.43269,198643.09211,160,198560.61422,submit/cancel,NA
138,000021540,198519.95192,198643.09211,160,198560.29095,submit/cancel,NA
139,000021581,198520.01582,198643.09211,164,198559.98932,submit/cancel,NA
140,000021581,198519.87382,198643.09211,165,198559.8081,submit/cancel,NA
141,000022007,198519.77848,198643.09211,164,198559.82906,submit/cancel,NA
142,000023019,198505.78704,198643.09211,64,198562.5,submit/cancel,NA
143,000023019,198505.46512,198643.09211,63,198562.46594,submit/cancel,NA
144,000023019,198505.46512,198642.81046,62,198562.56793,submit/cancel,NA
145,000023019,198504.81221,198642.81046,60,198562.5,submit/cancel,NA
146,000023019,198504.48113,198642.81046,59,198562.46575,submit/cancel,NA
147,000023019,198503.80952,198642.81046,57,198562.39669,submit/cancel,NA
148,000023020,198503.4689,198642.81046,56,198562.36188,submit/cancel,NA
149,000023020,198503.4689,198642.53247,55,198562.46556,submit/cancel,NA
150,000023020,198503.4689,198642.25806,54,198562.56868,submit/cancel,NA
151,000023020,198481.96839,198642.25806,193,198531.36183,submit/cancel,NA
152,000023020,198481.73352,198642.25806,194,198531.10119,submit/cancel,NA
153,000023021,198481.63842,198642.25806,199,198530.5501,submit/cancel,NA
154,000023021,198481.39368,198642.25806,193,198530.96421,submit/cancel,NA
155,000023021,198481.46552,198642.25806,193,198531.01392,submit/cancel,NA
156,000023021,198481.77233,198642.25806,192,198531.3247,submit/cancel,NA
157,000023021,198481.96839,198625.68807,239,198516.24726,submit/cancel,NA
158,000023021,198482.16332,198625.68807,240,198516.32096,submit/cancel,NA
159,000023021,198482.35714,198625.68807,241,198516.39434,submit/cancel,NA
160,000023022,198482.35714,198625.22727,240,198516.52174,submit/cancel,NA
161,000023022,198482.35714,198625.2193,236,198517.4569,submit/cancel,NA
162,000023022,198482.16332,198625.0,234,198517.56466,submit/cancel,NA
163,000023022,198481.85714,198624.57265,233,198517.61242,submit/cancel,NA
164,000023022,198481.85714,198623.94958,231,198517.91045,submit/cancel,NA
165,000023022,198481.59026,198623.94958,230,198517.78846,submit/cancel,NA
166,000023023,198481.59026,198623.75,229,198517.96375,submit/cancel,NA
167,000023024,198481.32267,198623.75,224,198518.15733,submit/cancel,NA
168,000023024,198482.5,198623.75,230,198518.56383,submit/cancel,NA
169,000023030,198482.30659,198623.75,229,198518.4968,submit/cancel,NA
170,000023052,198482.30659,198623.75,229,198518.4968,submit/cancel,NA
171,000023085,198482.30659,198625.0,232,198518.13305,submit/cancel,NA
172,000023085,198482.30659,198625.43103,233,198518.01075,submit/cancel,NA
173,000023086,198482.30659,198641.56805,180,198534.26641,submit/cancel,NA
174,000023086,198482.30659,198641.9697,184,198533.56031,submit/cancel,NA
175,000023086,198482.5,198641.9697,185,198533.59223,submit/cancel,NA
176,000023086,198482.5,198641.45963,189,198532.58317,submit/cancel,NA
177,000023086,198482.5,198640.82278,192,198531.74213,submit/cancel,NA
178,000023086,198482.5,198640.76433,193,198531.50888,submit/cancel,NA
179,000023086,198482.5,198639.63816,198,198530.07968,submit/cancel,NA
180,000023087,198482.5,198639.90066,199,198529.94012,submit/cancel,NA
181,000023088,198482.92857,198639.90066,199,198530.23952,submit/cancel,NA
182,000023088,198483.11966,198639.90066,200,198530.27888,submit/cancel,NA
183,000023089,198483.11966,198640.16667,201,198530.13972,submit/cancel,NA
184,000023090,198483.30966,198640.16667,202,198530.17928,submit/cancel,NA
185,000023114,198483.30966,198638.96552,207,198528.72233,submit/cancel,NA
186,000023310,198483.30966,198639.26174,203,198529.69062,submit/cancel,NA
187,000023381,198483.30966,198639.0,202,198529.83068,submit/cancel,NA
188,000023476,198483.26211,198639.0,201,198529.89022,submit/cancel,NA
189,000023522,198483.26211,198639.52703,203,198529.60922,submit/cancel,NA
190,000023533,198483.38068,198639.52703,204,198529.6,submit/cancel,NA
191,000024115,198479.79042,198639.52703,186,198528.83817,trade,198550.0
192,000024115,198479.57958,198626.36364,223,198516.02709,submit/cancel,NA
193,000024115,198479.36747,198622.29167,212,198517.31195,submit/cancel,NA
194,000024115,198479.36747,198621.51639,210,198517.56608,submit/cancel,NA
195,000024115,198479.36747,198621.13821,209,198517.69231,submit/cancel,NA
196,000024115,198479.36747,198620.76613,208,198517.81798,submit/cancel,NA
197,000024115,198479.36747,198620.4,207,198517.94311,submit/cancel,NA
198,000024115,198479.36747,198620.03968,206,198518.06769,submit/cancel,NA
199,000024115,198479.11585,198620.03968,202,198518.22687,submit/cancel,NA
200,000024115,198478.97554,198620.03968,201,198518.21192,submit/cancel,NA
201,000024115,198478.97554,198619.68504,200,198518.337,submit/cancel,NA
202,000024115,198478.83436,198619.68504,199,198518.3223,submit/cancel,NA
203,000024115,198478.83436,198619.68504,199,198518.3223,submit/cancel,NA
204,000024115,198478.83436,198619.72656,198,198518.55727,submit/cancel,NA
205,000024116,198478.83436,198619.42308,196,198518.91447,submit/cancel,NA
206,000024116,198478.83436,198619.08397,195,198519.0372,submit/cancel,NA
207,000024116,198478.83436,198618.75,194,198519.15939,submit/cancel,NA
208,000024116,198478.61538,198618.75,193,198519.0919,submit/cancel,NA
209,000024116,198478.61538,198618.93382,189,198520.01085,submit/cancel,NA
210,000024116,198478.39506,198618.93382,188,198519.94565,submit/cancel,NA
211,000024116,198478.22086,198618.93382,190,198519.64286,submit/cancel,NA
212,000024116,198478.65854,198618.93382,192,198519.77371,submit/cancel,NA
213,000024116,198478.44037,198618.79562,190,198519.88147,submit/cancel,NA
214,000024116,198478.36391,198618.79562,190,198519.82759,submit/cancel,NA
215,000024117,198478.28746,198618.79562,190,198519.77371,submit/cancel,NA
216,000024119,198478.28746,198618.52518,188,198520.11803,submit/cancel,NA
217,000024119,198478.06748,198618.52518,187,198520.05376,submit/cancel,NA
218,000024125,198476.71875,198618.52518,181,198519.66231,submit/cancel,NA
219,000024126,198476.71875,198618.21429,180,198519.78261,submit/cancel,NA
220,000024130,198476.25786,198618.21429,178,198519.65066,submit/cancel,NA
221,000024141,198476.25786,198618.21429,178,198519.65066,submit/cancel,NA
222,000024181,198476.5528,198618.21429,182,198519.48052,submit/cancel,NA
223,000024448,198475.62893,198618.21429,178,198519.21397,submit/cancel,NA
224,000024450,198466.71088,198618.21429,237,198507.73694,trade,198550.0
225,000024450,198466.35389,198618.21429,233,198507.79727,submit/cancel,NA
226,000024450,198466.04278,198618.21429,234,198507.49027,submit/cancel,NA
227,000024451,198466.16438,198618.21429,225,198508.31683,submit/cancel,NA
228,000024451,198466.20879,198618.21429,224,198508.43254,submit/cancel,NA
229,000024451,198466.36986,198618.21429,225,198508.46535,submit/cancel,NA
230,000024451,198466.53005,198618.21429,226,198508.49802,submit/cancel,NA
231,000024451,198466.84783,198618.21429,228,198508.56299,submit/cancel,NA
232,000024452,198467.16216,198618.21429,230,198508.62745,submit/cancel,NA
233,000024452,198467.47312,198618.21429,232,198508.69141,submit/cancel,NA
234,000024453,198468.38624,198618.21429,238,198508.88031,submit/cancel,NA
235,000024457,198478.14465,198618.21429,178,198520.9607,submit/cancel,NA
236,000024457,198478.36991,198618.21429,179,198521.02397,submit/cancel,NA
237,000024458,198477.46032,198618.21429,175,198520.76923,submit/cancel,NA
238,000024501,198477.74295,198618.21429,179,198520.58824,submit/cancel,NA
239,000024502,198477.65625,198618.21429,180,198520.43478,submit/cancel,NA
240,000024619,198477.50784,198618.21429,179,198520.42484,submit/cancel,NA
241,000025025,198478.40557,198618.21429,183,198520.68035,submit/cancel,NA
242,000025277,198478.47222,198618.21429,184,198520.63578,submit/cancel,NA
243,000025481,198478.91104,198618.21429,186,198520.7618,submit/cancel,NA
244,000025496,198478.47222,198618.21429,184,198520.63578,submit/cancel,NA
245,000025497,198478.32817,198618.21429,183,198520.62635,submit/cancel,NA
246,000026210,198477.42947,198618.21429,179,198520.37037,submit/cancel,NA
247,000026400,198477.27987,198618.21429,178,198520.36026,submit/cancel,NA
248,000027043,198477.2082,198618.21429,177,198520.40481,submit/cancel,NA
249,000027044,198477.13608,198618.21429,176,198520.44956,submit/cancel,NA
250,000027045,198476.98413,198618.21429,175,198520.43956,submit/cancel,NA
251,000027049,198476.98413,198618.21429,175,198520.43956,submit/cancel,NA
252,000027075,198476.90476,198618.21429,175,198520.38462,submit/cancel,NA
253,000027075,198476.90476,198618.03571,175,198520.32967,submit/cancel,NA
254,000029072,198476.90476,198618.34532,176,198520.20925,trade,198575.0
255,000029868,198476.97785,198618.34532,177,198520.16484,submit/cancel,NA
256,000029868,198477.43711,198618.34532,179,198520.2954,submit/cancel,NA
257,000029868,198477.50784,198618.34532,180,198520.25109,submit/cancel,NA
258,000029870,198477.58621,198618.34532,180,198520.30568,submit/cancel,NA
259,000029878,198478.48297,198618.34532,184,198520.56277,submit/cancel,NA
260,000029884,198478.48297,198618.34532,184,198520.56277,submit/cancel,NA
261,000029894,198478.56037,198618.34532,184,198520.61688,submit/cancel,NA
262,000029894,198478.56037,198618.52518,184,198520.671,submit/cancel,NA
263,000029970,198478.27103,198618.52518,182,198520.65217,submit/cancel,NA
264,000031524,198478.71517,198618.52518,184,198520.77922,submit/cancel,NA
265,000031525,198478.71517,198618.65942,185,198520.60738,submit/cancel,NA
266,000031527,198479.17957,198618.65942,185,198520.93275,submit/cancel,NA
267,000031528,198480.25915,198618.65942,190,198521.24464,submit/cancel,NA
268,000031528,198480.39514,198621.34615,199,198520.3159,submit/cancel,NA
269,000031528,198480.60606,198621.34615,200,198520.38043,submit/cancel,NA
270,000031528,198480.81571,198621.34615,201,198520.44469,submit/cancel,NA
271,000031529,198481.23123,198621.34615,203,198520.57235,submit/cancel,NA
272,000031529,198481.23123,198621.51163,204,198520.40043,submit/cancel,NA
273,000031529,198481.23123,198621.67969,205,198520.22777,submit/cancel,NA
274,000031529,198481.23123,198622.04724,206,198520.1087,submit/cancel,NA
275,000031529,198481.43713,198622.04724,207,198520.17354,submit/cancel,NA
276,000031530,198506.57895,198639.8773,46,198564.98656,trade,198575.0
277,000031530,198506.78571,198639.8773,47,198564.94638,submit/cancel,NA
278,000031530,198506.90476,198639.8773,47,198565.0134,submit/cancel,NA
279,000031530,198507.109,198639.8773,48,198564.97326,submit/cancel,NA
280,000031530,198507.31132,198639.8773,49,198564.93333,submit/cancel,NA
281,000031530,198507.51174,198640.12346,51,198564.8,submit/cancel,NA
282,000031530,198507.71028,198640.12346,52,198564.76064,submit/cancel,NA
283,000031531,198507.71028,198640.37267,53,198564.66667,submit/cancel,NA
284,000031531,198508.33333,198640.37267,55,198564.72149,submit/cancel,NA
285,000031531,198508.64055,198640.37267,56,198564.74868,submit/cancel,NA
286,000031531,198508.64055,198640.625,57,198564.65517,submit/cancel,NA
287,000031531,198505.76923,198641.02564,52,198563.73626,submit/cancel,NA
288,000031531,198505.64904,198641.02564,52,198563.66758,submit/cancel,NA
289,000031531,198505.76923,198641.02564,52,198563.73626,submit/cancel,NA
290,000031531,198506.13208,198641.02564,56,198563.31522,submit/cancel,NA
291,000031531,198506.13208,198641.12903,57,198563.14714,submit/cancel,NA
292,000031531,198506.13208,198640.89404,61,198562.19008,submit/cancel,NA
293,000031531,198506.25,198640.89404,61,198562.25895,submit/cancel,NA
294,000031531,198506.33803,198640.89404,62,198562.15659,submit/cancel,NA
295,000031531,198506.54206,198640.89404,63,198562.12329,submit/cancel,NA
296,000031531,198506.74419,198641.16667,65,198561.9863,submit/cancel,NA
297,000031531,198506.74419,198641.16667,65,198561.9863,submit/cancel,NA
298,000031532,198506.8287,198641.16667,66,198561.88525,submit/cancel,NA
299,000031532,198507.06019,198641.16667,66,198562.02186,submit/cancel,NA
300,000031532,198507.06019,198641.10738,67,198561.78082,submit/cancel,NA
301,000031532,198506.42523,198641.10738,65,198561.70799,submit/cancel,NA
302,000031532,198506.4554,198641.10738,64,198561.87845,submit/cancel,NA
303,000031532,198506.54206,198641.10738,65,198561.77686,submit/cancel,NA
304,000031532,198506.4554,198641.0473,65,198561.63435,submit/cancel,NA
305,000031532,198506.33803,198641.0473,65,198561.5651,submit/cancel,NA
306,000031534,198506.25,198641.0473,64,198561.66667,submit/cancel,NA
307,000031534,198506.16114,198641.0473,63,198561.7688,submit/cancel,NA
308,000031536,198505.92417,198641.0473,63,198561.62953,submit/cancel,NA
309,000031542,198506.04265,198641.0473,63,198561.69916,submit/cancel,NA
310,000031560,198506.16114,198641.0473,63,198561.7688,submit/cancel,NA
311,000031560,198506.16114,198639.86014,68,198560.16949,submit/cancel,NA
312,000031561,198506.16114,198639.31034,66,198560.39326,submit/cancel,NA
313,000031581,198506.16114,198639.59732,62,198561.38889,submit/cancel,NA
314,000031582,198506.16114,198639.7351,60,198561.87845,submit/cancel,NA
315,000031594,198505.83333,198639.7351,59,198561.84211,submit/cancel,NA
316,000031594,198483.74277,198639.7351,195,198531.13682,submit/cancel,NA
317,000031594,198483.26023,198639.7351,191,198531.18661,submit/cancel,NA
318,000031595,198482.94461,198639.7351,192,198530.87045,submit/cancel,NA
319,000031595,198483.18841,198639.7351,194,198530.84677,submit/cancel,NA
320,000031595,198483.18841,198639.47368,193,198530.98592,submit/cancel,NA
321,000031595,198483.3815,198639.47368,194,198531.0241,submit/cancel,NA
322,000031595,198483.57349,198639.47368,195,198531.06212,submit/cancel,NA
323,000031595,198483.76437,198639.47368,196,198531.1,submit/cancel,NA
324,000031595,198483.69253,198639.47368,196,198531.05,submit/cancel,NA
325,000031595,198484.07143,198639.47368,198,198531.1255,submit/cancel,NA
326,000031598,198483.88252,198639.47368,197,198531.08782,submit/cancel,NA
327,000031600,198483.69253,198639.47368,196,198531.05,submit/cancel,NA
328,000031751,198483.83621,198639.47368,196,198531.15,submit/cancel,NA
329,000032028,198483.83621,198640.0,198,198530.87349,submit/cancel,NA
330,000034167,198505.86854,198640.0,63,198561.29477,submit/cancel,NA
331,000034167,198506.10329,198640.0,63,198561.43251,submit/cancel,NA
332,000034167,198506.45161,198640.0,67,198561.03542,submit/cancel,NA
333,000034167,198506.76606,198640.0,68,198561.07337,submit/cancel,NA
334,000034167,198506.67421,198640.0,71,198560.57951,submit/cancel,NA
335,000034667,198506.47727,198640.0,70,198560.60811,submit/cancel,NA
336,000034740,198507.04545,198640.0,70,198560.94595,submit/cancel,NA
337,000034877,198507.04545,198640.0,70,198560.94595,submit/cancel,NA
338,000035779,198507.35294,198640.0,71,198560.98383,submit/cancel,NA
339,000035779,198507.35294,198640.26846,72,198560.87838,submit/cancel,NA
340,000036720,198507.35294,198640.54054,73,198560.77236,submit/cancel,NA
341,000036720,198507.46606,198640.81633,74,198560.7337,submit/cancel,NA
342,000036785,198507.35294,198640.81633,74,198560.66576,submit/cancel,NA
343,000037145,198507.35294,198640.54054,73,198560.77236,submit/cancel,NA
344,000037577,198507.35294,198640.54054,73,198560.77236,submit/cancel,NA
345,000039220,198503.48606,198640.54054,103,198554.32331,submit/cancel,NA
346,000039491,198503.57143,198640.54054,104,198554.25,submit/cancel,NA
347,000040827,198503.48606,198640.54054,103,198554.32331,submit/cancel,NA
348,000043219,198503.48606,198640.54054,103,198554.32331,submit/cancel,NA
349,000043357,198504.03543,198641.37931,109,198553.94737,submit/cancel,NA
350,000044654,198504.03543,198641.37931,109,198553.94737,submit/cancel,NA
351,000045620,198504.03543,198641.37931,109,198553.94737,submit/cancel,NA
352,000045683,198503.75494,198641.37931,108,198553.89447,trade,198575.0
353,000047090,198503.18725,198641.37931,106,198553.78788,trade,198575.0
354,000047091,198503.18725,198640.81633,104,198554.0201,submit/cancel,NA
355,000047091,198503.18725,198640.54054,103,198554.13534,submit/cancel,NA
356,000047094,198483.78906,198640.54054,236,198527.39662,trade,198575.0
357,000047095,198483.61619,198640.54054,235,198527.35405,submit/cancel,NA
358,000047095,198483.61619,198640.54054,235,198527.35405,submit/cancel,NA
359,000047095,198483.74674,198640.54054,235,198527.44821,submit/cancel,NA
360,000047095,198483.76963,198640.54054,234,198527.54717,submit/cancel,NA
361,000047095,198483.15508,198640.54054,226,198527.77778,submit/cancel,NA
362,000047095,198482.61456,198640.54054,223,198527.64933,submit/cancel,NA
363,000047095,198482.5,198640.54054,222,198527.65444,submit/cancel,NA
364,000047095,198482.54076,198640.54054,220,198527.85853,submit/cancel,NA
365,000047101,198482.54076,198641.66667,215,198529.27063,submit/cancel,NA
366,000047101,198482.54076,198642.72152,210,198530.65589,submit/cancel,NA
367,000047101,198482.35695,198642.72152,209,198530.61905,submit/cancel,NA
368,000047116,198482.28883,198642.72152,209,198530.57143,submit/cancel,NA
369,000047116,198481.94823,198642.72152,209,198530.33333,submit/cancel,NA
370,000047146,198482.14286,198642.72152,213,198530.10397,submit/cancel,NA
371,000047591,198482.25806,198642.72152,214,198530.09434,submit/cancel,NA
372,000047866,198482.25806,198642.72152,214,198530.09434,submit/cancel,NA
373,000052578,198482.43968,198642.72152,215,198530.13183,submit/cancel,NA
374,000052607,198482.5067,198642.72152,215,198530.17891,submit/cancel,NA
375,000052607,198482.84182,198642.72152,215,198530.41431,submit/cancel,NA
376,000059231,198482.63708,198642.72152,225,198529.39002,submit/cancel,NA
377,000102091,198482.63708,198642.92453,224,198529.65867,submit/cancel,NA
378,000104525,198482.63708,198626.85185,275,198514.35845,submit/cancel,NA
379,000104525,198482.63708,198626.37615,274,198514.48171,submit/cancel,NA
380,000104526,198482.46073,198625.9009,271,198514.75659,submit/cancel,NA
381,000104526,198482.46073,198625.86957,267,198515.64386,submit/cancel,NA
382,000104526,198482.10526,198625.86957,265,198515.50505,submit/cancel,NA
